fips,never,rarely,sometimes,frequently,always
1001,5.3,7.4,13.4,29.5,44.4
1003,8.3,5.9,9.8,32.3,43.6
1005,6.7,12.1,12,20.1,49.1
1007,2,3.4,9.6,27.8,57.2
1009,5.3,11.4,18,19.4,45.9
1011,3.1,4,14.4,28.6,50
1013,10.2,5.3,25.7,13.7,45.1
1015,15.2,10.8,13,16.7,44.2
1017,11.7,3.7,15,13.6,56
1019,13.5,2.7,16.1,15.8,52
1021,6,7,5.8,19.4,61.8
1023,4.9,3.8,12.6,21.9,56.8
1025,4.9,8.8,16.4,26.8,43
1027,14.8,15.8,19.5,16.9,32.9
1029,15.1,12.5,13.8,21.7,36.8
1031,10.1,15.2,9.4,18.6,46.6
1033,8.2,9.6,15.2,15.9,51
1035,9.9,5.2,25.9,19.2,39.9
1037,5.5,13.1,16.7,26.3,38.4
1039,18.7,12.8,12.9,20.1,35.6
1041,6,9.1,19.9,23.3,41.6
1043,13,2.4,24.9,21.7,37.9
1045,8.9,11.3,11.8,22,46
1047,9.5,10,15.9,12.2,52.4
1049,8.4,5.1,10.6,17.9,58
1051,4.2,9.5,12.7,25.2,48.5
1053,11.4,2.6,18.8,28.5,38.7
1055,9.6,10.3,17.8,12.2,50.1
1057,13.8,4.8,15.1,23.3,42.9
1059,6.5,7.1,22.3,15.6,48.4
1061,17.6,13.1,8.9,15.8,44.5
1063,3,5.3,12.7,16.7,62.3
1065,2.6,6.1,8.4,19.1,63.9
1067,6.6,6.8,17,25.8,43.8
1069,8.5,7.9,13.5,26.8,43.3
1071,9.2,8.9,11,24.9,46
1073,4.9,3.7,10.7,17.9,62.8
1075,10.7,4.5,13.2,18.9,52.7
1077,9.3,11.9,14.1,17.9,46.9
1079,16.2,8,8.8,25.1,41.9
1081,5.3,6.4,13.8,18.3,56.2
1083,10.2,3.4,13.3,33.6,39.5
1085,12,7.3,14.5,19.9,46.4
1087,0.8,3.3,24.1,17.2,54.5
1089,6.2,5,12.3,17.7,58.9
1091,3.3,15.1,11.8,18.6,51.2
1093,12.9,6.4,24.6,20.7,35.3
1095,7.5,6.4,12.9,25.3,47.9
1097,7.7,7,10.2,24.4,50.6
1099,11.2,4.1,18.2,28.8,37.8
1101,5.6,9.5,12.3,21.2,51.3
1103,7.8,7.7,8.2,30.4,45.9
1105,2.5,8.4,8.7,18.7,61.8
1107,3.1,6,16.9,15.7,58.4
1109,6,13.1,14.5,33.3,33
1111,15.8,22.6,10.5,14.4,36.8
1113,6.9,6.7,8,21.3,57
1115,2.7,13.4,14.4,20,49.5
1117,2.2,7.5,11.8,24,54.5
1119,5.5,6.8,11.8,19.7,56.2
1121,11.3,15,20.8,16.9,36.1
1123,6.7,9.5,13.6,29.6,40.6
1125,4.1,3.6,14.4,24.7,53.2
1127,9,8.1,14.5,25.6,42.9
1129,1.8,7.7,10.2,30.7,49.5
1131,6.1,9.8,19.9,18.7,45.5
1133,13,4.6,32.8,18.3,31.2
2013,6.7,3.2,3.4,31.6,55.1
2016,7.8,3.1,3,33.7,52.4
2020,4.2,5,4.9,19.6,66.3
2050,10.1,2.2,1.4,45,41.3
2060,4.8,3.7,4.2,30.8,56.4
2068,6.2,8.1,6.7,22.5,56.5
2070,7.2,2.5,2.7,39.1,48.4
2090,9.4,8.4,17.5,23.4,41.3
2100,5.5,5,12.3,41.9,35.2
2105,5.1,6.4,13,39.9,35.6
2110,5.1,6.7,13.3,39.6,35.3
2122,4.3,4.7,5.1,19.7,66.2
2130,2.5,14.9,17.4,25.6,39.6
2150,4.2,4.3,4.9,23.3,63.3
2158,10.3,2.2,0.7,52.1,34.7
2164,5.5,3.6,4,29.9,57.1
2170,4.2,5.1,4.8,19.8,66
2180,8.6,6.1,0.9,54.4,30
2185,3.6,5.9,23.5,21.5,45.5
2188,3.5,18.8,5.1,47.4,25.2
2195,4.2,9.5,14.8,34.9,36.5
2198,3.3,12.5,16.1,30,38
2220,4.8,7.7,13.7,38.1,35.7
2230,5.8,3.8,11.6,43.5,35.4
2240,6.4,7.1,14,27.2,45.3
2261,4,4.9,5.2,19.7,66.3
2275,3.5,11.9,16,31.2,37.4
2282,4.7,1.2,7.8,38.1,48.1
2290,4.4,4.7,12.6,42.5,35.8
4001,5.5,6.3,3.1,15,70.1
4003,5.3,2.5,14.7,19.4,58.1
4005,3.9,8,7,11,70.2
4007,7.3,1.4,3,33.6,54.7
4009,9.5,6.7,23.7,4.9,55.3
4011,11.1,8.9,16.7,8.9,54.4
4012,3.1,6.4,16.2,17.3,57
4013,2.3,2.5,5.9,15.8,73.4
4015,5.1,9.6,10.4,16.4,58.5
4017,9.1,10.8,5.9,13.9,60.2
4019,2.3,2.4,7.3,12.1,75.9
4021,3.3,5.5,9.6,14.8,66.7
4023,2.8,0.2,5.8,7.4,83.7
4025,3.1,7.3,8.1,17.6,63.9
4027,0.8,1.3,4.6,12.9,80.4
5001,1.9,7.3,13.4,21.6,55.7
5003,2.3,10.3,16.3,11.7,59.5
5005,15,10.4,10.8,10.4,53.4
5007,8.1,3.4,8.3,16,64.3
5009,12.9,14.5,12.2,18.9,41.6
5011,9.4,10.2,17.5,18.4,44.5
5013,14.5,13.2,10.8,21.1,40.4
5015,11.1,6.8,11.5,12.9,57.7
5017,10.4,7.4,19.3,9.7,53.1
5019,8,9.1,8,23.1,51.8
5021,8.2,12.4,15.7,24.2,39.5
5023,3.6,6.5,9.3,25.9,54.6
5025,10.7,3,16,23.1,47.2
5027,24.1,7.2,5.4,25,38.3
5029,7.1,12,13.7,34.7,32.5
5031,7.8,12.3,13.8,34.1,32
5033,15.5,10,16.7,21.1,36.7
5035,5.9,1.7,11,30.6,50.8
5037,9.7,1.7,16.3,31.9,40.4
5039,19.7,5.5,9.3,19.6,45.9
5041,7.8,3.3,19,18.9,50.9
5043,6.3,4.9,20.7,15.9,52.3
5045,6.6,2.7,7.7,40.3,42.6
5047,14.9,7.9,24.5,18.7,34
5049,10.5,12.1,22.6,19.7,35.1
5051,2.5,10.2,6.8,21,59.6
5053,8.2,4.3,12.7,25.8,48.9
5055,6.2,14.1,15.4,34.6,29.7
5057,9.8,7.3,9.6,17.9,55.4
5059,5.9,8.6,7.9,21.6,56
5061,8.1,7,14.5,14.5,56
5063,13.7,15.6,8.8,17.9,44
5065,8.6,12.1,13.3,23,43
5067,11.6,10.3,13.5,17.9,46.8
5069,4.2,3.6,17.2,17.3,57.7
5071,14.4,10.3,20.5,22.1,32.8
5073,12,8.2,7.8,23.4,48.6
5075,8.5,12.8,15.3,29.8,33.7
5077,10.3,3.2,19.5,26.3,40.7
5079,3.5,1.6,19.4,20.1,55.4
5081,7.4,12.1,10.6,20.1,49.9
5083,14.8,11,12,14.3,47.9
5085,4.8,4.5,13.6,29.7,47.4
5087,7.5,8.8,15.9,11.4,56.4
5089,17.1,11.2,11.9,10.8,49
5091,6.4,12.4,10.6,21.9,48.7
5093,3.3,10.9,13.4,28.4,44
5095,6.8,12.8,12.7,27.1,40.6
5097,8.1,9.5,13.6,16.6,52.1
5099,14.3,4.8,8.4,22.4,50.1
5101,10.7,14,8.4,26.1,40.8
5103,15.1,9.7,6,24.2,44.9
5105,9.8,5.1,8,36.7,40.4
5107,5.2,6.1,13.4,27.6,47.7
5109,6.4,6.1,20,17.6,50.1
5111,7.7,9.8,14.1,28.7,39.7
5113,18,8,21.7,7.6,44.6
5115,8.2,15.1,18.1,28.5,30.2
5117,6.2,17,10.3,27.3,39.1
5119,2.8,2.7,12.6,17.5,64.4
5121,5.1,14.5,20.3,28.9,31.1
5123,8.7,0.7,28.9,26.7,35
5125,6.6,4.4,15.4,21.2,52.4
5127,15.5,14,12.4,12.3,45.8
5129,10,8.8,12.5,14.9,53.8
5131,12.1,14.2,15.7,20.8,37.2
5133,12,9.3,15.5,16.5,46.7
5135,6.7,15.8,22,22.2,33.3
5137,6.7,9.2,11,23.4,49.8
5139,11.6,17.9,9.8,26.2,34.4
5141,3.3,6,9.6,27.2,53.9
5143,3.4,2.8,10.1,18.6,65.1
5145,2.6,5.4,15.2,27.7,49.1
5147,5.9,4.8,20.8,23.1,45.4
5149,11.6,10,11.2,19.8,47.4
6001,1.9,0.8,5.5,12.3,79.5
6003,2.5,8.5,8.8,19,61.2
6005,4.5,1.3,9.9,18.8,65.5
6007,1.5,4.3,11.1,20.4,62.6
6009,4.5,1.9,9.8,27.6,56.2
6011,2.7,3.1,9.2,15.1,70
6013,1.8,1.6,3.9,12.1,80.6
6015,1,13.5,11.2,19.6,54.7
6017,2.8,4.2,7.2,18.3,67.5
6019,2.1,2.2,5.9,15.6,74.1
6021,2.8,2.6,14.6,20.6,59.4
6023,4.2,0.6,1.8,6.9,86.5
6025,0.1,0.5,3,12.8,83.6
6027,3.3,1.1,0.8,5.8,88.9
6029,2.2,2.8,10.5,17.7,66.8
6031,7.5,1.6,4.9,9.4,76.6
6033,0.3,0.4,0.7,13.6,84.9
6035,6.4,6.8,16.2,22.5,48.2
6037,2.1,1.3,4.9,13.1,78.6
6039,1.9,5.9,4.8,12.4,75.1
6041,1.1,0,4.6,14.1,80.2
6043,1,9.4,4.9,18.6,66.1
6045,0.2,0.3,0.4,22.2,77
6047,2.6,3.6,8.9,14.6,70.3
6049,6.8,1.9,9.5,20.4,61.5
6051,1.1,2.6,1.2,7,88
6053,2.3,0.6,6.6,14.1,76.3
6055,1.7,2.6,3.3,14.9,77.3
6057,0.3,5.4,8.4,17.7,68.2
6059,2.3,2.1,4.6,15.6,75.4
6061,1.2,2.3,7.2,20.1,69.3
6063,6.3,6.7,5.3,14.6,67.1
6065,2.6,1.4,4.1,11.6,80.3
6067,2.5,2.8,6.2,16.4,72.2
6069,1.8,0.4,6.3,17.5,73.9
6071,2.7,2.2,4.8,13.4,76.8
6073,1.7,2.3,3.4,12.6,80
6075,1.7,1.1,3.5,12.1,81.7
6077,5.4,1.9,8.1,16.5,68
6079,2.5,2.4,3.7,16.9,74.5
6081,1.6,1.3,5.8,12.6,78.6
6083,1.5,2,7.5,15.3,73.7
6085,1.5,1.4,4,16.8,76.4
6087,0.8,0,8.6,10.9,79.7
6089,9.5,5.6,7.1,23.2,54.7
6091,14,5.3,4.7,14.3,61.7
6093,13.2,7.4,8.2,16.7,54.6
6095,4.3,4.6,3.5,14.8,72.8
6097,2.2,1.2,2.2,14.9,79.5
6099,3.2,2.8,6.2,17.3,70.5
6101,5.8,3.1,8,16.3,66.9
6103,5.7,6.2,14.1,19.5,54.5
6105,8.1,7,5.5,20.1,59.2
6107,2.5,3.9,11.5,13.6,68.5
6109,0.8,4.3,8.4,21.2,65.3
6111,2.4,1.1,3.3,15.6,77.7
6113,0.7,0.5,4,15.6,79.1
6115,5.7,3.5,7.1,16.7,66.9
8001,3.2,2.7,7.1,18.5,68.5
8003,5.2,13.3,9.4,22.8,49.3
8005,1.3,2.6,6.5,19.3,70.3
8007,4.1,4.1,15.5,27.6,48.8
8009,11.3,5.3,19.4,20.6,43.5
8011,3.3,3.6,17.2,19.1,56.7
8013,0.8,1.5,3.2,19.5,75
8014,1.8,0.5,4.2,20.1,73.4
8015,3.8,4.5,13.4,13.8,64.5
8017,1.6,18.7,10.6,39.8,29.2
8019,0.2,1.5,13.8,12.3,72.3
8021,6,10.6,9.3,19.5,54.5
8023,3.4,7.2,7.6,17.5,64.4
8025,0.2,3.4,8,29.4,59
8027,1.7,9.8,15.3,23.4,49.8
8029,8.7,9.4,7.4,29.5,45
8031,2,1.8,6.2,19.4,70.7
8033,5.2,3.9,6.6,25.2,59.1
8035,1.3,4.1,8.1,19.2,67.3
8037,0.8,0.3,3.3,26.9,68.7
8039,1.6,4.4,19,24.6,50.5
8041,3.1,8.9,8.1,19.6,60.3
8043,0.6,6.9,6.2,20,66.3
8045,6.5,4,3.7,32.6,53.2
8047,0.1,2.7,1.7,17,78.5
8049,0.6,0.2,5,18.7,75.4
8051,5.7,3.9,4.3,28.1,58.1
8053,4.3,5,11.7,27.1,51.9
8055,2.8,5.1,5.1,27.5,59.5
8057,2.1,2.7,9,34.2,52
8059,2.8,3.1,7.5,19.4,67.3
8061,2.8,5.1,15.9,27,49.2
8063,2.4,32.3,11.9,34.4,19
8065,0.2,1.6,3.6,19.3,75.3
8067,4.3,2,12.2,27.4,54.1
8069,1.3,3.7,6,23.1,65.9
8071,5.2,3,10.1,17,64.8
8073,1.3,6.8,19.6,40.3,32.1
8075,7.8,20.2,10.1,36.8,25.1
8077,7.5,10.5,9.8,22.2,49.9
8079,4.9,7.2,13.8,26.4,47.8
8081,4.1,14.2,16.2,28.4,37.1
8083,5.7,1.9,8.1,25.7,58.6
8085,8.5,9.2,7.4,31.4,43.6
8087,8.3,16.1,11.6,24.5,39.6
8089,0.4,4.7,10.2,19.4,65.3
8091,6,8,6.9,29.5,49.5
8093,2.1,1.8,10.3,13.7,72.2
8095,5,19,13.7,25.5,36.8
8097,1.9,1.4,1.6,31.8,63.3
8099,7.9,4.6,20.5,20.1,46.9
8101,1.8,4.4,7.4,28,58.4
8103,11.1,9.2,7.4,26.5,45.8
8105,6.1,14.4,11,24.2,44.4
8107,0.8,3.6,9.2,37.5,48.9
8109,6.5,12.2,13.8,23.2,44.3
8111,3.2,3.8,9.7,27,56.3
8113,4.3,5.8,7.4,26,56.5
8115,6.5,16.2,13.8,26.7,36.8
8117,0,0.1,6.4,15.1,78.4
8119,10.5,8.7,6.6,14.5,59.7
8121,7.7,20.8,10.1,30.3,31
8123,4.6,3.8,13.5,23.1,55
8125,3.8,28.4,13.3,25.5,29
9001,2.7,1.9,6,11.4,78
9003,1.5,2.3,6.5,13,76.7
9005,1.7,5.1,2.1,9.8,81.2
9007,0.3,0.7,5.5,12.8,80.7
9009,2.3,1.4,5.3,11.5,79.5
9011,2.5,2.1,6.6,14.2,74.7
9013,0.8,0.8,2.7,14.7,81
9015,2.2,4.1,8.2,13.7,71.8
10001,2.6,0.6,10.6,5.1,81.1
10003,2.7,1.3,4.1,13.3,78.6
10005,0.5,0.1,3.5,10.3,85.6
11001,1.2,1.3,6.9,16.4,74.3
12001,0.1,2.4,5.3,17,75.1
12003,8.7,7.6,18,21.5,44.2
12005,6.5,10.9,7.6,20.2,54.8
12007,10.6,16.8,17.2,17.3,38.1
12009,6.8,7.3,9.6,15.7,60.7
12011,2.6,2.3,4.3,11.7,79.1
12013,3.4,5.5,13.8,26.7,50.7
12015,5.1,4.9,10.1,15.8,64
12017,9,3.6,8.7,17.8,60.9
12019,5.5,6.7,15,20.9,52
12021,4,2.3,6.7,21.2,65.8
12023,4.7,2.6,28.8,25.4,38.5
12027,2.3,6.4,5.6,14.2,71.5
12029,7.1,9.5,11.9,31.8,39.7
12031,4.9,4.2,8.6,19.4,62.9
12033,1.9,5.2,9.5,31,52.4
12035,7.9,5,11.3,15.7,60.2
12037,2.2,10.1,23.7,22.8,41.2
12039,6,3.3,10.4,22.7,57.5
12041,1.6,15.1,6.9,32.4,44
12043,4.7,8.2,9.8,9.6,67.7
12045,4.6,12.5,12,24.9,46
12047,10.1,7.1,23.5,22.7,36.5
12049,11.4,4.1,17.9,18.6,48
12051,4.6,4.2,11.2,15,65
12053,9,4,9.1,19,58.9
12055,2.5,5.6,14.5,13.8,63.5
12057,2.3,3.1,6.9,15.5,72.2
12059,17,7.7,8.1,11.1,56.2
12061,5.4,6.5,8.2,19.3,60.7
12063,6.4,10.8,12.9,17.4,52.6
12065,1.9,1.7,9.9,18.3,68.2
12067,10.2,8.1,22,20.8,38.9
12069,4.7,6.2,7.4,18.5,63.2
12071,5.2,5,7.3,17.6,64.8
12073,5.1,2.2,7.1,15.6,70
12075,1.7,13.2,7.2,18.7,59.2
12077,2.2,2.3,20.5,26.8,48.2
12079,16.4,8.5,14.8,26.4,34
12081,7.4,3.7,6.2,20.1,62.6
12083,4.6,8.7,12.1,20.3,54.3
12085,2.7,1.8,6.6,16.9,71.9
12086,3.2,2.3,6,12.8,75.6
12087,0.7,0.1,1.4,15.9,81.9
12089,9,7,14.7,22.3,47
12091,9.1,8.3,14.7,21,46.9
12093,1.6,3.4,6.4,17.1,71.5
12095,2,2,7.2,16.4,72.4
12097,2.5,2.2,5.8,17.6,72
12099,3,2,5,11.6,78.4
12101,2.7,2.9,5.5,17.9,70.9
12103,2.5,1.9,7.4,13.3,75
12105,5,6.3,8.5,17.2,63
12107,6.8,5,11.4,18.6,58.1
12109,4.7,7.1,9.7,22.3,56.1
12111,7.7,2.2,8,17.3,64.8
12113,4.7,6.8,16.6,26.5,45.3
12115,1.7,3.1,7.3,17.5,70.4
12117,3.7,3.9,6.6,14.1,71.7
12119,3.7,3.6,6.4,23.5,62.8
12121,10.5,5.5,24.4,22.7,36.9
12123,10.3,8.6,19,14.5,47.6
12125,4.4,4,17.6,26.7,47.3
12127,3.5,6.6,8.9,19.2,61.8
12129,3.2,9.2,17.2,27.5,42.9
12131,9.2,6,9.2,24.4,51.2
12133,13.8,8.5,6.2,15.8,55.7
13001,8.5,11.7,23,15.2,41.6
13003,5.9,10,17.9,21.7,44.5
13005,7.1,13.2,18.7,18.8,42.1
13007,2.7,4.8,5.4,12.7,74.3
13009,2,8.9,10.7,29,49.4
13011,13.6,10.3,12.5,23.8,39.9
13013,6.3,8.6,9.2,19,56.8
13015,21.5,5,12.3,14.3,47
13017,12.9,7.8,10.9,20.2,48.3
13019,7.3,9.8,15.6,21.4,46
13021,4.3,9.4,17.6,20.1,48.7
13023,8.9,3.1,11.7,25.6,50.8
13025,4.7,12.9,15,16.4,51
13027,9.2,16.5,12.4,23.5,38.5
13029,3.3,3.9,9.5,23.8,59.5
13031,5.3,4.9,16.3,31,42.4
13033,10.5,10.9,8.7,20.8,49.2
13035,12.5,3.7,14.4,16.3,53
13037,1.3,3.5,4.3,17.2,73.7
13039,13.6,12.5,17,11.3,45.6
13043,3.7,4.5,17.7,26.4,47.7
13045,8.9,13.3,15.4,16.8,45.7
13047,14.3,15.2,11.4,21.7,37.5
13049,6.5,9.4,15,19.6,49.5
13051,3.5,4,14.4,15.8,62.4
13053,6.1,7.2,10.8,21.4,54.5
13055,11.6,10.2,18.7,14.3,45.1
13057,4.9,5.4,10,21.3,58.4
13059,5.4,5.7,6,22.6,60.3
13061,2.8,6.6,12,22.3,56.2
13063,3.8,5.4,12.5,15.9,62.4
13065,6,5.8,13.4,16.8,58
13067,3.9,4.9,11.6,22.5,57.2
13069,8.5,12.4,16.4,22.2,40.4
13071,10.8,19.1,7.4,23.3,39.4
13073,6.1,6.4,9.5,23.4,54.7
13075,9.8,13.4,12.3,20.3,44.1
13077,10.5,5.3,18.3,20.4,45.5
13079,5.7,5.1,23.1,19.2,46.8
13081,11.9,2.3,6,16.3,63.5
13083,12.8,22.2,13,24.9,27
13085,4.9,9,12.8,16.2,57.1
13087,9.3,4,17.1,18,51.6
13089,3.6,2.8,7.5,15.6,70.4
13091,14.5,2.5,15,23.6,44.3
13093,7.7,3.4,5.8,20.4,62.7
13095,3.3,3.7,4.5,15.9,72.6
13097,8.3,3.7,9,19.8,59.1
13099,4.5,6.2,15.6,25.3,48.5
13101,9.7,7.3,18.2,20.2,44.6
13103,4.4,6.4,14.5,27.2,47.5
13105,13.2,17.7,8.1,10.7,50.3
13107,6.2,4.4,14.2,25.2,50
13109,3,7.8,22.9,29,37.2
13111,7.5,8.8,12.5,11.2,60
13113,6,8.6,13.1,21.8,50.5
13115,18.6,3.6,23.4,14.8,39.5
13117,3.5,4.8,8.3,19.3,64.1
13119,16.8,7.4,11.7,21.5,42.5
13121,2.6,3.6,8.9,18.7,66.2
13123,12.8,4.2,8.7,19.8,54.5
13125,15.6,6.6,10.7,13,54.1
13127,4.8,7.1,14.5,25.1,48.5
13129,17.2,10,20.1,15.7,36.9
13131,6.3,13.9,11.6,26.4,41.7
13133,6.2,4.6,5.7,17.6,65.8
13135,3.6,5.4,8.1,19,63.9
13137,6.3,10,11.6,29.2,43
13139,6.1,6.9,12.8,19.8,54.5
13141,4.3,11.1,10.2,16.8,57.5
13143,18.4,12.3,16.5,18.4,34.5
13145,9.3,8.1,6.1,21.3,55.1
13147,9.2,6.1,14,20.7,50
13149,12.6,9.4,16.6,14.4,47.1
13151,10.3,4.8,9.1,18.1,57.8
13153,3.2,7.9,13.6,17.2,58.1
13155,9.8,9.1,12.6,22.4,46
13157,12.5,8.5,11.7,24,43.4
13159,8.2,5.9,18.1,11.8,56
13161,12.4,13.8,16.5,18.3,39
13163,25.1,5.5,9.9,10.2,49.3
13165,11.4,5.3,8.4,26.1,48.8
13167,11.9,5.3,10.9,25.1,46.8
13169,4.9,8.7,22.6,20.9,43
13171,7,6,17.1,29.3,40.6
13173,10.2,7,14.5,18.1,50.2
13175,12.2,5.6,14.1,29.1,39.1
13177,3.5,3.3,3.9,16.2,73.2
13179,0.7,9.9,6.6,21.5,61.4
13181,7.3,10.4,11.1,23.3,47.9
13183,1.4,11.9,8.6,15.9,62.1
13185,10.8,10.1,14.9,20.8,43.5
13187,3.5,8.6,13,24.5,50.4
13189,7.2,5.3,12.3,26.5,48.8
13191,3.4,7.6,18.8,22.1,48.1
13193,7.8,4.9,11.3,21,55
13195,16.5,8.4,5.5,18.6,51.1
13197,8.4,12,16.7,19.6,43.3
13199,10.9,8.6,13.8,15,51.7
13201,6.4,5.6,18.2,15.9,53.9
13205,4.4,11.2,5.5,15.9,63
13207,7.2,3.5,18.4,25.3,45.5
13209,11.4,8.3,17.4,22.8,40.1
13211,6.1,6.4,9.3,16.8,61.4
13213,19.3,3,18.2,17.7,41.7
13215,6.3,7.3,8.3,22.5,55.5
13217,9.4,7.6,12.3,20.7,50
13219,4.9,6.3,9.5,18.1,61.1
13221,5.6,8.2,5.4,18.1,62.7
13223,9.7,6.8,10.8,23.3,49.4
13225,2.7,7.4,17.2,16,56.7
13227,3.8,11.8,10.1,18.8,55.5
13229,5,14.3,12.7,15.7,52.2
13231,5.9,6,14.7,19.2,54.2
13233,10.6,7.1,19.2,14.5,48.5
13235,7.9,3.1,9.8,21.8,57.5
13237,5.9,9.3,11.8,21.4,51.6
13239,5.3,15,9.5,16.3,53.8
13241,10,8.3,12.4,22.9,46.4
13243,1.6,6.5,5,20,66.9
13245,6.8,5.9,11.4,18,57.8
13247,5.8,7.8,11.5,21.6,53.4
13249,7,10.2,11.7,21.4,49.7
13251,19.8,6.9,8.1,24.2,41
13253,7.3,7.9,20.2,13.5,51
13255,7.2,3.8,17.9,20.2,50.9
13257,8.7,11.6,11.6,31,37
13259,5.5,9.2,13.3,20.3,51.7
13261,5.5,5.6,4.6,20.2,64.1
13263,16.8,8,8.9,17.1,49.2
13265,6.5,4.8,8.6,15.8,64.4
13267,5.1,7.6,21.4,22.4,43.4
13269,12.6,6.9,18.2,20.1,42.2
13271,15.6,7.5,13.4,20.8,42.7
13273,1.9,2.9,3,16.7,75.5
13275,2.6,9.6,12,22.8,53
13277,6.6,8.8,12.2,22.7,49.6
13279,9.7,6.9,17.9,22.6,42.9
13281,7.6,9.6,9.8,19.9,53.1
13283,9.6,7,16.8,26.7,39.9
13285,17.5,3.1,11.9,17.8,49.7
13287,14.1,4.2,9.4,17.5,54.7
13289,4,7.7,18.8,14.8,54.7
13291,6.5,11.9,8.7,16.8,56
13293,16,10,11.4,20.6,42.1
13295,14.4,16.4,11.7,21,36.6
13297,10.6,12.7,18.4,14.1,44.2
13299,6.1,10.8,10.9,16.6,55.6
13301,9.5,6.5,14,22.6,47.4
13303,10.4,7,5.3,15.7,61.7
13305,2.9,13.9,14.3,13.9,55
13307,1.9,6.4,10.3,21,60.3
13309,13.5,7.8,16.2,23,39.5
13311,5.7,6.4,9.9,34.7,43.3
13313,18.5,6.8,20.3,14.2,40.3
13315,17.3,1.7,8.3,15.7,56.9
13317,8,8.6,11.4,17.2,54.8
13319,3.9,6.2,14.1,22.4,53.4
13321,6.9,5.6,8.3,18.7,60.5
15001,1,3.2,3.7,12.2,79.9
15003,1.1,1.2,2.7,15.1,79.8
15005,2.6,1.3,3.2,8,85
15007,0,2.1,4.6,10.8,82.5
15009,3.4,1.6,2.5,12.2,80.3
16001,11.8,7.8,8.4,19.4,52.6
16003,9.4,21.6,21.8,21.8,25.4
16005,8.4,19.3,17.6,19.5,35.2
16007,15.1,12,10.2,24.3,38.5
16009,3.8,5.9,15,15.2,60.1
16011,9.5,19.7,17.5,22.9,30.4
16013,15.5,10.7,10.2,13,50.6
16015,5.7,3.8,3.8,54.9,31.8
16017,8.8,11.6,11.9,24.1,43.6
16019,9.6,20.2,18.8,24.7,26.8
16021,4.5,17.1,6.1,18.5,53.7
16023,10.7,21.3,15.9,22.2,29.8
16025,18.6,3,4.7,9.8,63.9
16027,11.3,9.5,17,24,38.1
16029,10,18.1,19.1,20.2,32.6
16031,13.4,22.3,10.2,14.9,39.2
16033,11.9,22.8,19.6,23.9,21.8
16035,3.7,11.2,12.7,25,47.5
16037,6.9,2.9,19.9,24.4,45.8
16039,20.6,4.4,3.8,17.3,53.9
16041,13.1,11.8,8.5,25.6,41
16043,11.1,20.6,20.2,24.7,23.3
16045,11.9,13.6,11.1,19.8,43.6
16047,21.1,20.2,8.9,15.3,34.5
16049,4.5,9.4,16.4,27.5,42.3
16051,9.9,20.8,19.2,24.9,25.2
16053,17.5,21.9,9.6,16.7,34.3
16055,14.6,10.5,17,22,35.9
16057,0.2,1.2,6.6,32.8,59.2
16059,10.9,17.3,23.1,12.5,36.2
16061,2.7,7.3,15.7,28.5,45.9
16063,18,20,10.5,13.5,37.9
16065,10.1,20.7,19.6,25,24.5
16067,13.4,21.9,10.6,15.2,39
16069,0.9,3,11.7,32.6,51.7
16071,8.3,17.3,15.3,18.5,40.6
16073,12.3,13.7,14.6,17.1,42.3
16075,8.1,19.9,17.4,24.2,30.4
16077,7.8,20.5,15.2,18.5,38.1
16079,6.8,14.4,29.9,14.7,34.2
16081,9.9,18.9,19,25,27.2
16083,16.6,22.2,10.1,17.7,33.5
16085,4.1,11.8,10.2,37.8,36.1
16087,13.6,13,32.4,17.2,23.9
17001,18,9.2,18.9,19,35
17003,11,8.2,14.8,26.2,39.8
17005,7,5.5,10.8,21.8,54.9
17007,2.5,0.6,6.5,24.4,66
17009,18,9.9,13.6,20,38.5
17011,1.2,1.9,15.6,20.8,60.5
17013,8.2,6,21.9,36.6,27.3
17015,3,6.4,12,19,59.6
17017,10.3,8,19,18.7,44.1
17019,0,6.7,8,19.2,66.1
17021,5.9,5.7,9.1,19,60.3
17023,12.7,8.9,10.7,22.6,45.1
17025,6.2,11.5,14.5,30.6,37.2
17027,10.2,6.3,8.3,16.6,58.7
17029,11.2,5.5,20.1,22.1,41.1
17031,2.3,2.1,7.2,16.2,72.2
17033,14.6,19.6,4.7,21.9,39.2
17035,9.5,7.5,19.4,21.2,42.4
17037,0.7,1.2,3.4,19.1,75.6
17039,3.5,10.6,7.3,28,50.7
17041,4.8,6.1,10.5,19.1,59.4
17043,1,1,5.6,16.3,76
17045,17.4,9,13.1,20.8,39.8
17047,8.6,14.8,23.3,30.6,22.8
17049,7.2,7.2,21.4,23.2,41
17051,6.9,7.6,15.6,22.9,47
17053,1.1,8.2,16.7,17.2,56.7
17055,9.9,16.6,11.9,21.1,40.5
17057,1.6,3,31.1,19.9,44.4
17059,20.1,6,12.8,23.8,37.3
17061,13.6,2.9,10.9,21.7,50.8
17063,5.6,5.6,10.5,18.3,59.9
17065,13.8,17.9,10,21,37.3
17067,14.7,15.4,12.5,16.3,41.1
17069,16.3,7.2,23.5,19.1,34
17071,9.6,4.4,10.1,15.5,60.4
17073,6.7,7.2,6.1,20.3,59.7
17075,9.7,16.8,6.9,24.2,42.4
17077,6.6,7.8,15.1,20.9,49.6
17079,9.9,13.5,13.1,25.4,38
17081,12.2,12.6,8,27.9,39.3
17083,7.4,7.9,12.4,18.5,53.7
17085,3.4,10.4,22,17.8,46.5
17087,12.4,5,18.9,14.1,49.6
17089,1.3,2.6,4.8,16.5,74.8
17091,4.4,8.4,9.6,24.9,52.7
17093,0.1,0.9,6.5,13.6,78.8
17095,3.5,3.1,19.4,24.6,49.4
17097,2,1.8,4.6,14.6,76.9
17099,1.8,4.6,11.3,26.7,55.6
17101,19.7,15.7,10.5,28.1,26
17103,1.3,5.4,5.8,22.4,65
17105,3,14.7,8,23.4,51
17107,4.6,4.5,23,12.8,55.1
17109,4.1,9.1,9.7,18.2,59
17111,3,1.2,6.6,17.6,71.6
17113,8.5,6.2,9.1,20.1,56.1
17115,1.6,6.2,8.8,28.6,54.9
17117,1.5,5,14.7,22.7,56.1
17119,3.5,4.5,8.3,18.9,64.8
17121,10,9.3,10.1,30.2,40.4
17123,4.8,8.3,13.3,19.8,53.8
17125,23.8,3.1,29.2,12.6,31.3
17127,9.7,4.3,23.2,25.6,37.3
17129,10.2,4.7,13.8,17.2,54
17131,3.9,6.6,11,21.5,57.1
17133,0.3,4,11.2,17.4,67
17135,1.8,5,9.1,31.6,52.5
17137,5,6.2,17.7,17.8,53.3
17139,8.1,7.3,21.3,24.3,39
17141,5.3,4.5,12.9,18.4,58.9
17143,3.9,3.6,9.6,25.1,57.7
17145,5.5,9.2,10.4,35.8,39.2
17147,0.3,5.2,6,19.8,68.8
17149,13.8,7.9,21.8,20.5,36
17151,10.4,5.4,21.3,21.4,41.5
17153,11.7,6.4,18.9,22.5,40.5
17155,2.1,2.5,16.8,25.1,53.5
17157,0.8,3.2,11.7,39.1,45.2
17159,11.1,15.1,10.7,30,33.1
17161,7.8,2.5,6.6,23.5,59.6
17163,3.2,2.7,3.7,13.8,76.7
17165,11.7,10.6,11.1,20.4,46.2
17167,1.7,3,15.5,23.3,56.4
17169,13.2,10,15.2,19.8,41.7
17171,11.3,5.7,14.8,16.2,52
17173,7,4.7,16.8,24.5,46.9
17175,1.3,10.1,5.8,15.5,67.2
17177,3.6,5.9,4.1,22.2,64.4
17179,4.4,4,14.1,21.5,56
17181,10,7.8,16.2,19.5,46.6
17183,2.3,11.9,8.8,26.6,50.4
17185,7.8,11.3,27.1,32.5,21.2
17187,4.2,2,14.1,27.6,52.2
17189,11.8,4.6,5.3,32.7,45.6
17191,8.6,14.2,12.8,30,34.5
17193,19,14.4,9.5,23.9,33.2
17195,2.5,6.6,4.2,21.8,64.9
17197,4.1,2.4,6.2,13.4,73.9
17199,9.5,12.2,13.6,18.3,46.4
17201,3.1,3,8.9,19.3,65.7
17203,6.2,6.7,11.2,24.2,51.7
18001,13.6,4.7,16,34.8,30.9
18003,7,14,9.9,22.8,46.4
18005,13.8,8.4,8.5,28.6,40.6
18007,8.2,12.6,11.2,18.3,49.6
18009,9.3,15.2,10.6,20.3,44.7
18011,5.2,8.5,14.2,30.8,41.3
18013,5.5,6.1,4.1,18.4,66
18015,5.9,10.4,17,22,44.7
18017,3.7,19.2,28.3,20.6,28.3
18019,6.8,6,14.1,22.8,50.1
18021,12.2,7.3,11.2,22.6,46.6
18023,8.8,3.3,13.2,28.5,46.2
18025,6.7,8.9,11.8,26.1,46.5
18027,4.9,6.1,13,21.4,54.6
18029,8.3,10,16.8,27.7,37.1
18031,17.5,8.3,10.1,20.4,43.7
18033,10.9,7.4,11.8,14.9,55
18035,9.5,10.9,12.4,19.7,47.5
18037,1,10.5,8.6,25,55
18039,3,9.7,9.4,25.2,52.8
18041,16.1,4.1,4.8,23.7,51.4
18043,5.3,8.6,15.4,23.3,47.4
18045,7.7,8.9,14.7,21.2,47.4
18047,7,8.2,10.4,19.9,54.5
18049,14.2,11.4,12.8,21.7,39.9
18051,9,10,20.4,25.5,35.1
18053,5.3,10.8,13.3,31.1,39.3
18055,9.9,2.7,8.1,23.5,55.8
18057,7,5.1,4.9,23.4,59.6
18059,6.8,4,16.6,30.6,42
18061,9.4,8.4,20.5,25.8,35.9
18063,5.4,5.2,11.3,25.7,52.3
18065,18.3,14.8,12.5,11.1,43.4
18067,0.8,8.3,18.3,30.1,42.6
18069,15,18.2,5.3,19.9,41.6
18071,9.7,9.8,10.5,38.8,31.2
18073,18.6,10,6.5,32.8,32.1
18075,14.1,13.9,15.7,23.5,32.8
18077,8.3,21.9,21.8,22.5,25.5
18079,9.5,10.5,17.2,30.8,31.9
18081,5.7,9.4,10,19.2,55.7
18083,15.8,12.5,12.1,25.9,33.8
18085,7.3,14.7,8.9,19.5,49.6
18087,5.9,8.2,17.1,23.6,45.2
18089,4.3,5.7,8.8,21.9,59.2
18091,8.4,7.5,16.8,20.6,46.6
18093,9.2,11.7,10.9,19.1,49.1
18095,6.2,8.4,15,14.5,55.9
18097,5.1,5.3,11.6,23.2,54.8
18099,12,10.3,15.9,22.9,38.9
18101,4.1,6.4,12.3,22.3,55
18103,5.4,12.5,25.3,22.6,34.3
18105,3.7,3.7,9.4,24.2,59.1
18107,7,11.6,16.8,15.6,49
18109,6,13.1,13.6,18.8,48.5
18111,10.2,15.3,9.2,33.8,31.6
18113,5.7,11,13.5,19.7,50
18115,6,7.8,18,22.3,45.9
18117,9.6,8.6,7.3,31.5,43
18119,9.4,3.8,8.7,28.2,50
18121,11.6,11.1,17.4,19.5,40.5
18123,1,10.9,8.7,25.2,54.2
18125,5.2,8.9,16.3,20,49.5
18127,5,10,10.8,23.1,51.2
18129,13.2,5.6,11.5,22.6,47.2
18131,13.5,21.9,17.1,25.3,22.3
18133,7.5,16.2,20.4,19.4,36.6
18135,12.8,13,22.8,17.9,33.6
18137,5.4,7.4,15,29.4,42.9
18139,13.3,11.8,6.3,27.9,40.8
18141,3.1,4,10.2,22.8,59.8
18143,3.6,7.3,16.8,26.3,46
18145,16,5.7,17.7,19.3,41.3
18147,1.7,13.4,10.4,21.6,52.9
18149,17.7,15.1,8.8,21.9,36.5
18151,4,8.9,17,16.9,53.2
18153,12.7,7.1,7.7,20.7,51.7
18155,8.9,12.5,20.9,23.4,34.4
18157,9.3,8.3,10.2,20.4,51.8
18159,3.3,8.2,8.9,44.4,35.2
18161,9.5,5.3,10.6,17.8,56.9
18163,7,3.9,11.5,23.4,54.2
18165,11.3,10.5,13.4,22.3,42.6
18167,11.8,6.4,10.2,25,46.6
18169,7,11,23.7,20.2,38.1
18171,7.9,11.5,9.2,22.3,49.2
18173,4.5,3.8,11.7,25.2,54.8
18175,9.7,7.4,6.2,35.6,41.1
18177,16.2,9,13.8,26.1,34.8
18179,20.5,5,7.7,33.7,33.2
18181,5.6,17.7,19.4,18.9,38.4
18183,6.1,18.6,13.2,16,46
19001,7.3,12.8,12.8,30.7,36.4
19003,14.8,11,15,31.1,28.1
19005,13.8,4.9,13.2,21.2,46.9
19007,4.4,11,23.9,19.3,41.3
19009,22.4,7.3,19.4,18.7,32.2
19011,9.8,6.7,13,20,50.4
19013,3.2,5.3,18,28.9,44.7
19015,9,8,10,19.7,53.3
19017,4.8,6.2,19.7,26.8,42.4
19019,2.1,12.4,8.7,39.4,37.3
19021,18.3,6.2,26,20.7,28.8
19023,5.2,9.4,20.8,23,41.7
19025,21.2,11.7,21.3,15.3,30.4
19027,15.3,11,24.1,13.9,35.8
19029,34.1,7,12.4,23.8,22.7
19031,2.6,9.6,14.2,35.5,38.1
19033,6.1,36.5,14.6,21.3,21.5
19035,18.3,10.5,22.1,18.2,30.9
19037,7.5,13.6,19.7,23.6,35.6
19039,7.8,16.7,14.3,19.4,41.8
19041,22.4,3.5,11.2,18.9,44.1
19043,12.3,8.4,13.7,28.4,37.1
19045,9.2,13,7.9,26.9,43
19047,8.9,4.5,14.1,6.4,66
19049,3.6,10.2,11.8,26,48.5
19051,3.8,10.1,24.9,20.1,41.1
19053,24.8,13.2,25.8,6.8,29.4
19055,3.5,13.7,13.7,40.8,28.3
19057,13.5,8.1,10.9,12.2,55.3
19059,27.6,2.7,9.1,17.3,43.3
19061,3.7,15.5,18.9,18.9,43
19063,24.1,8.3,6.7,18.1,42.8
19065,5.4,7.5,12.8,34.9,39.4
19067,6.3,27.1,14.8,25,26.8
19069,8.8,27.8,18.7,18.6,26.1
19071,4.8,6.1,7.1,20.9,61.1
19073,11.6,14.1,23.5,15.3,35.4
19075,3.8,4.2,20.3,23.8,48
19077,16.2,7.3,14.3,28.3,34
19079,14.3,11.8,12.9,15.3,45.7
19081,8,38.4,14.6,17.4,21.6
19083,7.4,7.5,19.5,21.4,44.1
19085,11.8,4.4,9.4,17.8,56.5
19087,12.3,14.2,9.1,18.3,46.1
19089,7.7,15.1,17.6,18.3,41.3
19091,24.3,26.8,14.7,10.2,24
19093,15.3,9.4,24.6,12.8,38
19095,2.7,14.9,13.5,23.9,45
19097,3.2,9.6,22.9,23.2,41.1
19099,10.2,10.5,23.3,21.2,34.7
19101,7.4,11.6,22.1,19.1,39.8
19103,1.4,4.4,6.9,20,67.3
19105,4,10.5,16.5,33.6,35.5
19107,3.5,12.6,28.7,28,27.2
19109,13.5,31.8,10.1,17.3,27.2
19111,17,14.6,13.1,16.1,39.2
19113,3.9,8.1,11.5,20.1,56.3
19115,9.7,5.8,15,21.4,48.2
19117,3.2,20.4,19.6,18.5,38.4
19119,7.8,17.3,15.7,24.7,34.4
19121,1,10.2,13.6,26.8,48.4
19123,6.9,6.7,29.4,28.3,28.7
19125,5.3,4.9,20.9,26,42.9
19127,7.7,6.4,15.3,22.6,48
19129,6.4,8.4,9.1,28.1,48.1
19131,4.6,28.2,14.9,26,26.3
19133,7.8,6.9,8.7,12.7,64
19135,3.4,7.8,25.6,24.7,38.5
19137,21.8,3.4,8.4,37.8,28.6
19139,12,2.2,22.1,27.3,36.4
19141,17.3,5.4,26.7,18.7,31.9
19143,19.5,5.1,23.3,19.9,32.2
19145,8.8,5.3,6.8,31,48.1
19147,19.9,11.6,8.8,17.9,41.9
19149,12.5,14.5,16.6,16.2,40.2
19151,21.4,12.4,16.2,16.5,33.5
19153,4.4,8.9,13.6,25.9,47.3
19155,11.5,8.3,14.7,26.4,39
19157,12.1,14.5,18.7,16.4,38.3
19159,14.4,13.8,28.1,16.2,27.5
19161,18,7.1,28.6,15.9,30.3
19163,7.5,2.7,12.6,27.7,49.4
19165,9.9,5.9,18.2,14.5,51.6
19167,12,6,28.5,20,33.5
19169,4.5,7.5,7.1,23.5,57.4
19171,6.6,5.3,20.9,18.1,49.1
19173,9,15.1,18.5,28.2,29.2
19175,3,12.5,17.2,21,46.2
19177,10.7,12.8,17.5,21.8,37.2
19179,3.4,8.2,29.3,22.1,37
19181,5.5,18.2,18.1,24.5,33.7
19183,3.5,10.2,12.3,15.1,58.9
19185,13.8,14.8,25.2,12,34.2
19187,20.9,16.7,16.1,10.1,36.2
19189,7,32.9,17.6,19.7,22.8
19191,12.2,4.4,15.1,17.7,50.5
19193,11.3,16.5,13.7,16,42.5
19195,7.2,27.1,17.5,23.1,25.1
19197,17.2,29.9,17.3,12.5,23.2
20001,15.3,21.2,12.6,16.7,34.1
20003,18.9,6.3,13.7,26.7,34.4
20005,13.7,12.2,16.9,25.6,31.6
20007,6.9,14.7,11.8,32.9,33.6
20009,10.7,13.1,12,21.1,43
20011,16.7,14.6,7.7,12,49
20013,8.9,14.9,18.3,19.7,38.2
20015,5.3,13.3,12.2,22.2,47
20017,15.1,8.2,21.2,22.5,33.1
20019,12.8,13.7,18.5,21.4,33.7
20021,13.1,12.1,16.4,17.4,41
20023,6.5,27,17.4,23.5,25.6
20025,16.3,13,12.6,23.2,34.8
20027,8.1,6.9,11.5,22.9,50.7
20029,15.4,7.7,11.8,21.7,43.4
20031,8.5,11.9,16.5,40.4,22.7
20033,11.2,14.4,12.8,27.1,34.6
20035,7.5,9.3,28,13.1,42.1
20037,10.8,14.3,11.8,13.9,49.2
20039,16.3,11.8,21.1,23.5,27.3
20041,10.6,11.8,14.8,24.3,38.5
20043,13.7,19.3,18.4,21.4,27.2
20045,0.6,0.9,2.4,22.7,73.4
20047,5.2,8.6,13.5,22.1,50.6
20049,6.1,5,29.5,28.2,31.2
20051,15.4,15.4,22.4,14.8,32
20053,17.4,13.3,13.3,18.7,37.3
20055,16.6,8.9,16.3,23.9,34.3
20057,14.3,8.4,14.3,23.2,39.9
20059,6.3,6,15.9,35.4,36.4
20061,5,6.8,11.3,27,49.9
20063,24,8.9,23.4,15.1,28.7
20065,21.8,15.6,24.7,12.9,25
20067,14,10.8,15,23.1,37
20069,15.8,9.2,14.6,24,36.4
20071,13.5,13.1,18.1,22.9,32.3
20073,3.4,7.9,25.6,30.2,33
20075,13.1,9.5,18.9,21.7,36.8
20077,7.9,11.8,21,19.3,40
20079,7.5,5.8,12.1,32.3,42.3
20081,15.3,10.7,13.7,23.9,36.4
20083,12.6,7.5,16.3,22.5,41.2
20085,1,11.6,16.1,13.6,57.7
20087,2.6,6.9,9,18.2,63.4
20089,17.1,14.2,8.7,25.9,34
20091,2.9,1.9,7.5,22.4,65.4
20093,15.5,9.8,17.2,22.9,34.6
20095,8.1,21.2,11.4,12.8,46.4
20097,6.2,10.7,12.8,23.3,46.9
20099,16.8,12.3,9.1,14.7,47.1
20101,19.7,7.5,19.7,20.4,32.6
20103,8.7,13.5,9.2,14.2,54.4
20105,17.1,13.2,16,16.3,37.5
20107,14,5.3,12.1,28.5,40
20109,20.6,13.1,19.4,18.9,28
20111,11.3,11.1,13.3,30,34.4
20113,12,6.5,10.6,31.3,39.6
20115,10.1,6.8,20.9,27.9,34.3
20117,4.8,4.9,23.3,26.3,40.7
20119,16.4,12.3,11.5,23.5,36.2
20121,7.1,4.4,9.5,25,54
20123,17.3,11.6,14.4,18,38.8
20125,16.4,13.2,10.2,19.5,40.7
20127,11,9.4,14.8,24.4,40.4
20129,12,11.3,14.4,21.8,40.5
20131,3.5,9.4,20.3,23.6,43.2
20133,13.3,20.4,12,12.7,41.6
20135,15,8.3,19.9,19.8,37.1
20137,16.1,16.3,17.7,22.5,27.5
20139,1.8,9,8.8,24,56.4
20141,17.4,23.3,16.3,13.6,29.3
20143,13.1,11.7,16.4,19.1,39.6
20145,5.3,9.6,13.7,21.7,49.7
20147,15,24.4,12.6,19,29
20149,1.2,5.7,14.5,23.6,55
20151,2,18.3,10.1,30.9,38.7
20153,12.8,17.4,20.9,22,26.8
20155,13.5,7.7,14.3,19.1,45.4
20157,18.3,7.3,7.6,29.5,37.3
20159,15.3,8.6,11,24.1,41
20161,3,5,12.4,26.1,53.5
20163,17.9,22,21.8,12.3,26
20165,11,12.2,18.2,18.3,40.3
20167,16,17.4,17.4,15.7,33.5
20169,12.6,13.3,17.5,20.9,35.7
20171,19.7,9,19,21,31.3
20173,6,5.5,12.6,26,49.9
20175,13.8,14,9.2,22.6,40.3
20177,0.9,7.8,9.5,18.4,63.3
20179,23.1,11.2,23.6,15.4,26.7
20181,10,27,15.9,24,23.1
20183,14.2,25.7,8.8,19.5,31.9
20185,4.1,12.5,10.9,25.2,47.2
20187,12.7,9.8,17.2,21.6,38.8
20189,12.2,13.2,11.2,22.5,40.8
20191,10.4,3.9,11.5,29.8,44.4
20193,18.8,15.7,20.8,18.4,26.3
20195,20.3,11.5,25.6,13.7,29.1
20197,1.1,7.7,12,20.1,59.1
20199,12.8,21,15.4,24.6,26.2
20201,14.8,7.5,11.1,23.4,43.2
20203,17.3,11.2,18.4,21.9,31.3
20205,12.5,14.8,14.5,18.4,39.8
20207,9.2,17.5,17.1,24.7,31.4
20209,2.5,5.6,7.6,17.8,66.5
21001,7.6,11.5,16.7,24.3,39.9
21003,10.1,7.2,9.7,21.1,51.9
21005,6.2,1,4.4,48.3,40.1
21007,10.7,3.3,19.8,25.7,40.4
21009,5.3,9.3,9,17.6,58.8
21011,7.6,5.8,8.4,33.9,44.3
21013,14.6,9.4,12,19.9,44
21015,8,8.7,8.1,23.2,52
21017,2.4,3.7,4.2,12.9,76.9
21019,8.4,12.5,20.2,23.5,35.4
21021,9.2,3.7,11.2,16.1,59.8
21023,5.6,24.9,6.5,23.8,39.2
21025,11.4,8.1,12.6,24.1,43.8
21027,2.3,14.6,17.7,13.8,51.7
21029,3.7,9.1,15.6,18.1,53.5
21031,6.6,9.7,13.3,17,53.5
21033,5.9,6.7,26,17.7,43.8
21035,6.6,8.4,24.8,17,43.2
21037,7.3,8.5,13.4,27.8,43
21039,10.4,4.5,18.8,23.6,42.8
21041,15.5,17.1,12,20.8,34.6
21043,6.9,10.2,12.2,32.4,38.3
21045,16.4,7.6,16.1,15.4,44.4
21047,6,11.8,17.8,27.9,36.5
21049,8.3,9.3,11,23.3,48
21051,15.3,8.2,16.5,16,44
21053,9.6,11.5,24.8,16.5,37.5
21055,12.1,11.7,29,15.3,31.9
21057,6.7,10.6,22.4,22.9,37.4
21059,5.5,5.7,12.2,23.6,53.1
21061,5.5,5.7,8.6,17.9,62.4
21063,11.7,10,5.1,28.9,44.3
21065,8.2,15.1,9,27.5,40.2
21067,3.1,5.1,6.6,20.2,65
21069,6.8,6.9,7.5,28.7,50.2
21071,13.1,6.6,12.9,13.4,54
21073,8.8,3.6,14.2,21.4,52.1
21075,10,10.2,20.2,21.7,38
21077,7.6,4.8,19.8,21.1,46.6
21079,7.7,4.3,6.3,27.6,54
21081,4.7,5.6,18.3,10.6,60.8
21083,10.3,6.9,26.6,22.2,34
21085,4.3,4.2,13.4,15.4,62.7
21087,6.3,7.6,12.7,24.7,48.8
21089,9.2,10.1,23.6,22.8,34.2
21091,1.9,8,12.1,23.5,54.6
21093,5.7,6.2,10.6,21.7,55.8
21095,7.6,9.3,9.8,12.6,60.6
21097,7.3,4.4,3.1,4.7,80.4
21099,5.3,3.4,11.8,18.5,61
21101,7.2,6.1,13.6,22.9,50.1
21103,9.3,8.2,17.4,25.4,39.8
21105,9.7,6.5,22.1,20.2,41.5
21107,4,6.7,17.4,21.7,50.2
21109,18.3,6.8,9.2,23.5,42.1
21111,3.6,4.8,8.3,23,60.2
21113,2.2,3.6,10.4,21,62.8
21115,10.2,5.3,10.6,12.7,61.2
21117,5.2,5.6,14.6,24.5,50
21119,15.7,7.3,13,14.2,49.7
21121,18.7,7.3,10.3,16.5,47.1
21123,7.4,5.3,9,21.3,57
21125,20.1,4.7,8.3,15.2,51.7
21127,15.5,9.1,15.1,12.5,47.9
21129,12.9,6.9,12.9,27.3,39.9
21131,9.4,10.3,14.2,17.4,48.7
21133,7.8,5,12.7,12.2,62.4
21135,5.7,8.1,21,29.6,35.7
21137,17.2,5.4,9.3,17.2,50.9
21139,8,10,29,19.1,33.9
21141,9.9,10,8,19.8,52.3
21143,5.2,11,31.6,13.8,38.4
21145,8.5,5.8,23.2,25.5,37
21147,9.6,11.6,14.3,20.3,44.1
21149,8.1,10.5,10.7,24.9,45.9
21151,8.8,9.4,11.4,23.3,47.1
21153,10.7,7.8,11.1,16.4,54
21155,4.6,8.2,7.4,14.4,65.4
21157,6.1,8.3,28,18,39.5
21159,10.8,5.5,9.6,10.4,63.7
21161,5.6,11.9,6.1,28.4,47.9
21163,1.8,15.4,11.5,15.4,55.9
21165,16.1,8.8,6.7,21.5,46.8
21167,4.7,1.2,17.8,19.5,56.7
21169,4.8,10.9,13.4,22.2,48.7
21171,8.2,13.4,18.5,15,44.8
21173,3,4.1,8.5,39.2,45.2
21175,13.3,11.6,7.1,18.2,49.8
21177,3.5,15.4,12.3,20,48.8
21179,3.3,10.6,6.8,24.4,54.8
21181,2.3,2.5,9,27.1,59.1
21183,6.4,14.5,10.9,19,49.2
21185,2.5,3.9,9.8,27.8,56
21187,9.1,3.9,11.4,19.8,55.8
21189,12.1,5.8,15.7,28.2,38.2
21191,3.5,12.1,10.3,12.9,61.3
21193,12.3,9.3,11.1,17.1,50.2
21195,9.6,8.8,12.3,14.8,54.5
21197,11.2,9.9,10.2,23.2,45.5
21199,13,12.3,9.6,16.4,48.7
21201,4.8,12.3,3.9,20.4,58.6
21203,21.5,7.9,7.5,15.7,47.4
21205,15.9,9.7,4.7,23.1,46.7
21207,9.6,13.8,19.5,20.6,36.5
21209,4,4.4,7.6,8.1,75.9
21211,9.2,10.7,5.4,26.1,48.7
21213,13.7,6.6,16.2,20.8,42.6
21215,3.2,5.8,4.7,41,45.3
21217,7.3,7.3,11.1,21,53.3
21219,5.8,14.7,13.5,26.6,39.4
21221,6.6,5.3,13.1,15.2,59.7
21223,13.4,17.2,13.5,21.7,34.2
21225,21.1,7.9,22.9,17.2,30.9
21227,7.6,6.7,6.3,18.5,60.9
21229,3.5,6.6,11.6,22.1,56.2
21231,10.2,15.1,16,16.9,41.7
21233,8.8,8.4,16.7,21,45.1
21235,17.6,6.2,11.3,17.4,47.6
21237,14,9.5,11.4,20.3,44.8
21239,4.2,1.7,4.9,19.3,69.8
22001,12.2,11.1,13.8,26.5,36.2
22003,19.6,7,11.8,20,41.6
22005,4.9,9.2,14.2,14.8,56.9
22007,7.9,3.4,21.3,20.6,46.8
22009,13,9.2,7.3,24.6,45.9
22011,8.6,6.9,16.9,19.1,48.6
22013,7.8,5.2,17,29.1,40.9
22015,6.8,9.6,14.4,22.5,46.8
22017,5.8,7.9,15.8,20.9,49.7
22019,10.2,13.9,7.7,21.2,47.1
22021,10.2,6.1,9.8,24.1,49.8
22023,8.9,12.7,7.9,20.1,50.5
22025,11,5.6,8.6,14.7,60
22027,14.6,6.8,4,27.3,47.3
22029,11,10.4,11.2,9.5,57.9
22031,3.5,7.5,13.2,16.2,59.6
22033,5.2,3.1,9,18.3,64.2
22035,2.2,4.6,12.1,13.7,67.4
22037,6.7,5.3,9.5,36.6,42
22039,21.5,7.7,11.1,21.1,38.7
22041,12.3,5.4,10.2,15.6,56.5
22043,8.6,4.1,10.9,22.9,53.5
22045,11.2,8.4,8.5,25.3,46.7
22047,6.1,2.1,8.4,19,64.4
22049,11.6,8.3,12.7,29,38.3
22051,4.4,3.1,6.6,17.4,68.5
22053,24.9,11.1,9,19.6,35.4
22055,6.2,8.3,10.5,21.7,53.3
22057,7.8,3.9,15.9,15.1,57.3
22059,8.2,3.5,8.9,22.3,57.1
22061,10.2,8,11.1,29,41.7
22063,6,4.3,14.4,29,46.3
22065,3.4,6.8,10.9,17.2,61.7
22067,3.9,10.5,12.4,16.6,56.6
22069,9.6,6.3,11.3,16.7,56.1
22071,1.9,3.4,8.7,20.6,65.4
22073,7.6,9.8,12.1,22.9,47.6
22075,6.5,3.5,16.5,22.2,51.3
22077,4.4,8.2,6.8,19.8,60.8
22079,10.6,4.6,8.7,23.6,52.4
22081,6.8,8.1,13.5,18.9,52.7
22083,6.6,8,12.6,19.4,53.4
22085,9.8,8,11.3,14.5,56.4
22087,3.5,7.5,13.6,23,52.4
22089,9.3,4.8,2.7,16.5,66.7
22091,6.4,12.6,13.8,23.7,43.4
22093,3.4,9.9,20.2,6.1,60.3
22095,9.6,5.9,19,7.9,57.7
22097,6.4,10.5,11.7,19.9,51.5
22099,6.9,11,9.6,17.8,54.8
22101,6.6,2,17.9,28,45.4
22103,3.1,7.3,7.4,21.1,61.1
22105,6.6,7.2,10.3,19.3,56.6
22107,8.1,6.4,9.7,13.4,62.5
22109,6.8,5.2,14,22.1,51.9
22111,7.1,14.2,10.6,24.4,43.6
22113,7.6,8.8,11.5,27.1,44.9
22115,9.2,6.6,14.5,24.4,45.3
22117,10.3,4.6,14.8,24.2,46.1
22119,13.4,4.4,6.3,26.5,49.4
22121,4.4,4,7,19.7,64.9
22123,2.2,6.3,12.4,11.4,67.7
22125,7.2,13,3.7,26.5,49.6
22127,8.6,10.6,13,23.6,44.3
23001,8.3,9.9,4.1,19.9,57.7
23003,14.3,4.7,12,24.3,44.7
23005,5,5.3,4.6,18.2,66.9
23007,0.6,6.3,19.1,16.1,57.9
23009,3.4,5.2,11.8,20.2,59.4
23011,1.6,7.4,12.5,24.5,54
23013,0.7,1,11.1,24.8,62.5
23015,3.1,1.4,6.5,20.4,68.8
23017,6.9,6.5,6.4,21.3,58.9
23019,3.8,7.1,8.5,18.9,61.7
23021,6.2,14.6,12.3,18.9,47.9
23023,6.1,2.6,3.3,21.6,66.4
23025,3.5,9.5,14.2,17,55.8
23027,2.3,6,15,18.2,58.5
23029,2.6,3.2,12.6,20.4,61.2
23031,7.6,3.6,6.1,17.3,65.5
24001,0.7,1,3.5,21.3,73.6
24003,1.8,2.2,6.7,15.4,73.9
24005,1.3,2.4,4.3,14.2,77.7
24009,4.9,4.9,7.1,11,72
24011,0.9,1.9,3.3,16.8,77
24013,1.4,0.8,6.2,17,74.6
24015,0.9,1.8,5.4,18.2,73.8
24017,3.5,3.4,10.7,15.7,66.7
24019,2,0.6,1.1,11.9,84.4
24021,2.8,3.6,6.2,11.3,76.2
24023,7.7,0.8,4,30.5,57.1
24025,0.8,0.9,3.7,16.8,77.8
24027,2.4,1.5,6.7,17,72.3
24029,0.5,1.4,6,20.7,71.4
24031,2.5,2.9,4.1,12.8,77.7
24033,8.7,3.4,6.4,9.4,72
24035,0.2,4.2,4.1,30.9,60.5
24037,4,0.9,3.6,15.2,76.3
24039,0.4,1,4.7,12.8,81.2
24041,1.2,1.2,0.6,12.7,84.3
24043,3.1,4.7,8.5,19.4,64.2
24045,0.6,1.1,6.3,11.6,80.4
24047,0.3,0.4,4.2,11,84.2
24510,2.4,3.2,6.3,14.8,73.3
25001,1.9,0.7,2.6,10.9,83.9
25003,3,0.4,4.9,8.2,83.4
25005,1.6,2,5.6,16.1,74.7
25007,0.6,1,3.7,16,78.6
25009,2.3,1,4.7,13.1,78.8
25011,4.3,1.1,2.8,15.6,76.2
25013,1.3,1.7,5.5,13,78.6
25015,1.1,0.6,1.7,10.9,85.7
25017,2.3,1.1,4.1,12.7,79.8
25019,1.5,0.3,3.4,15.6,79.2
25021,2,1.5,3.5,12.5,80.5
25023,1.4,1.7,4.5,11.2,81.2
25025,2,0.7,4.9,13.6,78.8
25027,2,2.7,4.3,14.2,76.8
26001,6.5,4.6,13.3,18,57.6
26003,2.5,3.4,11.8,22.9,59.5
26005,5,3.5,13.3,28.3,50
26007,2.5,4,14.4,18,61.2
26009,2.7,4.2,8.8,21.8,62.5
26011,5.2,13.6,7.6,25.2,48.4
26013,1.2,6.3,10.9,25.7,55.8
26015,4.3,12.1,12.1,21.1,50.4
26017,1.4,5.5,10.3,20.2,62.7
26019,1,4.9,6.2,16.4,71.5
26021,3.9,3.7,12.2,24.7,55.5
26023,7.2,9.1,20.5,23.4,39.9
26025,6.3,12.1,7.8,17.8,55.9
26027,4.6,7.6,12.3,27.4,48
26029,2.7,5.7,8.5,20.5,62.6
26031,2.7,5.2,8.6,25.2,58.4
26033,3,2.2,6.8,28.7,59.3
26035,5,2.6,10.2,30.8,51.4
26037,3.3,5.6,4.6,26.3,60.3
26039,4.3,5,6.1,18.1,66.6
26041,5.8,2.3,17,21.7,53.2
26043,4.3,6.5,12.7,24.9,51.6
26045,4.7,3.9,14.7,24.7,52
26047,2.5,6.2,7.5,21.9,61.8
26049,3.2,4.3,10.4,28.8,53.3
26051,2.5,2.4,10.9,33.8,50.3
26053,3.9,6.4,13.9,25.7,50.1
26055,0.4,4.1,8.2,20,67.2
26057,5.7,7.4,10.5,16.9,59.6
26059,13.5,7.5,11.9,24.7,42.4
26061,0.8,7.8,12.9,28.1,50.5
26063,8,7.2,3.2,27.1,54.4
26065,6.2,3,7.6,23.7,59.5
26067,3.5,20.3,13.9,22.9,39.4
26069,10,8.4,9.9,20.6,51.1
26071,4.6,6.8,12.6,22.7,53.3
26073,9.6,5.7,11.2,19.1,54.4
26075,11,8,13.3,16.6,51.1
26077,2,5.9,6.2,16.7,69.3
26079,1.8,3.7,7,22.8,64.6
26081,1.9,6.1,6.3,21.5,64.1
26083,0.6,7.1,12.9,27.7,51.8
26085,5.2,12.2,7.3,20.4,54.8
26087,3.6,10.5,10.4,13.3,62.2
26089,0.3,3.8,9.2,20.3,66.3
26091,1.8,2.7,8.3,26,61.2
26093,4.2,2.1,5.2,19.8,68.7
26095,2.8,3,8.8,23.7,61.7
26097,3.2,4,7.3,25.6,59.9
26099,3.4,4.3,9,14.5,68.8
26101,3.5,5,8.7,12.1,70.7
26103,1.6,4.5,11,25.1,57.8
26105,4.6,5.4,19.9,14,56.1
26107,9.1,10.4,8.7,24.3,47.5
26109,5.9,7.3,6.8,25.3,54.7
26111,3.1,3,9.8,21.4,62.6
26113,2.5,3.6,8.2,19.1,66.6
26115,6.6,3.5,5.4,18.3,66.3
26117,2.8,13.7,16.7,21,45.8
26119,4.4,7.1,12.6,18.6,57.4
26121,8.4,4.5,10,16,61.1
26123,9.9,12.1,2.7,30,45.4
26125,2.8,2.7,4.9,16.9,72.7
26127,7.4,3.3,11.4,16.3,61.6
26129,6.1,11.7,10.6,25.9,45.8
26131,2.5,8.6,12.3,26.5,50.1
26133,7,7.3,8.9,23.8,53.1
26135,5.7,7.3,9.6,18.1,59.3
26137,6,6.8,9.7,17.2,60.2
26139,4.2,5.7,12,25.1,53.1
26141,2,4,14.3,22.3,57.5
26143,1.2,3.7,9.7,21.7,63.7
26145,3.1,7.3,8.2,19.7,61.6
26147,5.1,6.9,4.6,19.4,64
26149,4.8,7.9,19.7,18.9,48.8
26151,7.8,11.2,7.7,21,52.2
26153,4.1,2.1,14,18.7,61.1
26155,11.6,4.6,6.5,29.7,47.5
26157,9.1,5,7.8,24.6,53.6
26159,2.5,6.8,13.7,18.3,58.7
26161,1.9,2.2,4.6,18,73.3
26163,4.6,3.2,7.5,15.6,69
26165,3.6,5.6,7.7,17.1,65.9
27001,18.7,11.5,7.5,24.7,37.5
27003,5.4,7.8,13.2,24.5,49.2
27005,5.2,28,17.5,24,25.2
27007,9.4,15.5,22.5,18.5,34
27009,8.4,13.9,20.9,14.7,42
27011,25.6,12.1,18.5,14.6,29.2
27013,6.5,7.8,14.6,27.6,43.5
27015,10.1,6.1,25.1,26.5,32.2
27017,5.8,5.4,9,32.9,46.9
27019,2.4,12.8,18.3,29.6,36.8
27021,10.5,12.7,10.7,23.5,42.6
27023,10.8,10.6,24.4,22.4,31.8
27025,6.4,10.4,16.5,25.3,41.4
27027,9.2,12.1,13.8,23,41.9
27029,6.5,21,20.3,17.2,35.1
27031,18.4,2,3.8,25.7,50
27033,21.6,4.5,26.2,21.5,26.3
27035,14.7,11.2,8.1,24.9,41.1
27037,7.2,7.6,12.9,23.6,48.8
27039,3.5,9.6,7.1,32.5,47.3
27041,9.9,17.8,14.8,22.5,35
27043,7.8,15.8,16.3,26.1,34
27045,2.6,10.2,9.9,29,48.3
27047,13.5,8.5,20.6,28.3,29.1
27049,3,3.9,13.8,28,51.3
27051,11,13.7,19.3,16.5,39.6
27053,2.1,4.4,9.6,24.3,59.6
27055,7.2,8,8.6,28.3,47.8
27057,7.8,15,16.4,22.7,38
27059,10.4,9.9,21.5,14,44.2
27061,16.2,14.2,15.1,20.9,33.6
27063,32.5,2.4,14,17.1,34
27065,22.3,14.8,13.7,14.6,34.6
27067,10.9,10.7,18.2,29,31.2
27069,6.8,16.8,22.1,25.1,29.2
27071,15.9,18.3,8.7,25.5,31.6
27073,18.4,9.6,24.8,17.9,29.3
27075,8.7,3.3,7.5,34.1,46.4
27077,9.1,17.1,17.6,24.9,31.3
27079,5.5,16.8,14.7,25.4,37.7
27081,11,7.8,20.3,29.2,31.7
27083,13.4,7.5,24.2,21,33.9
27085,6.1,17.6,19.3,38.3,18.6
27087,7,27.9,8.3,18.5,38.2
27089,7.8,15.2,22.1,23.4,31.5
27091,18,11.5,13.4,20.5,36.6
27093,7.2,14.4,9.4,32.3,36.7
27095,22.4,12.2,15.9,14.6,34.9
27097,14,12.6,12.1,24,37.3
27099,7.1,10.7,11.3,26.2,44.8
27101,13.1,7.1,22.4,27,30.3
27103,6.3,8.5,16.4,29.6,39.2
27105,24.4,7.8,18,21.5,28.4
27107,12.2,15.4,10.9,18.6,42.8
27109,2.3,10.1,5.7,33.3,48.5
27111,7.8,18.2,27.8,17,29.1
27113,8.1,19.7,21.1,20.5,30.6
27115,17.8,14.3,7.4,24.2,36.4
27117,8.8,18.2,13.2,28.1,31.7
27119,10.4,20.8,19.7,19.6,29.5
27121,13.9,14.7,10.3,21.6,39.5
27123,4.4,4.6,8.6,25.9,56.4
27125,9.5,24.1,19.4,18.4,28.6
27127,8.1,12.3,24.8,25.5,29.3
27129,5,13.6,19.3,37.4,24.7
27131,8.9,3.8,11.7,30.1,45.4
27133,9.5,22,11,24.7,32.8
27135,7.7,15.1,21.1,23.4,32.7
27137,9.5,5.2,9.8,29.7,45.7
27139,2.1,5.7,12,31.9,48.2
27141,6.4,17.5,17.5,23.9,34.6
27143,4,17.5,17.2,38,23.3
27145,8.2,14.2,18.7,17.4,41.5
27147,7.4,6.2,14.4,35.4,36.5
27149,16.9,12.6,11.7,19.2,39.7
27151,17,11.3,15.2,21.2,35.3
27153,9.7,19.8,14.6,19.6,36.3
27155,19.6,13.9,16,11,39.5
27157,4.1,8.5,12.9,31.8,42.7
27159,6.1,21.1,15.7,20.3,36.7
27161,7.4,4.8,11.7,33.2,42.9
27163,4.4,8.8,10.3,26.2,50.3
27165,14.9,5.3,22.5,22.1,35.2
27167,16.6,14.8,23.9,9.6,35.2
27169,2.9,15.1,5.7,32.8,43.5
27171,8.3,10.9,16.2,25.9,38.7
27173,12.2,9.6,25.4,20.2,32.6
28001,11.3,11.2,13.1,8.4,56
28003,6.9,13.1,15,22.2,42.8
28005,11,9.2,12.2,20.4,47.3
28007,6.5,10.4,9.2,13.9,60.1
28009,1.8,1.4,24.6,23.3,48.9
28011,12.3,4.6,12.7,24.9,45.6
28013,7.4,16.1,9.2,17.9,49.4
28015,8,14.4,11.9,12,53.7
28017,7,13.4,8.8,18.2,52.5
28019,3.5,9.4,6.4,21.9,58.8
28021,3.8,6.1,8.8,21.4,59.8
28023,4.4,2.1,13.3,20.5,59.7
28025,2.9,8.2,9.8,21.4,57.7
28027,3.8,5.6,11.8,33,45.9
28029,7.3,8.4,13.4,15.7,55.2
28031,11,10.5,8.5,19.3,50.6
28033,5.5,7.8,8.8,23.6,54.3
28035,7.2,4.2,9.1,26.7,52.7
28037,8.7,11.2,15.4,13.8,50.9
28039,3.7,10.2,8.8,34.6,42.8
28041,1.5,11.2,7,26.2,54.1
28043,5.6,13.5,13.3,18.9,48.6
28045,6.3,9,8.9,25.4,50.3
28047,9.3,7.1,14.2,23.7,45.7
28049,1.9,9.6,11.5,18.3,58.8
28051,6.2,7.2,9.5,9.9,67.2
28053,11.7,7.1,9.8,10.4,61
28055,3,6,13.7,16.2,61.2
